100188893
100302736
10084
10153
10200
10206
10226
10228
10250
10269
10282
10284
10313
10367
10428
10444
10452
10480
10523
10573
10682
1070
10768
10884
10898
10923
10929
10944
11018
11020
11021
11044
1105
11056
11070
11101
11129
11164
11194
11311
113201
113246
114034
114823
114883
114885
115106
115209
115704
115708
116228
116540
116988
118881
122704
123169
124222
124401
124583
126328
128308
133957
1349
1350
1351
1371
140609
142891
147339
148423
148867
1509
153364
154807
161424
1659
1662
1967
197342
200576
201562
203286
2040
2052
2054
2135
219927
220082
221496
222068
222194
22827
22908
22950
22985
23013
23043
23053
23091
23098
23122
23131
23133
23141
2319
23234
23244
23264
23350
23358
23368
23376
23382
23398
23411
23423
23446
23530
23567
23598
23633
23673
23731
23787
23788
2475
2530
2531
25875
25957
26035
26090
26229
26355
26519
26520
27107
27125
27250
27292
27335
27336
27340
283373
283820
283951
285605
285636
28976
29072
29074
29088
29093
29803
29889
29894
2997
3202
324
3276
3306
339230
345778
347734
374654
3838
399687
401505
404552
4236
4245
4247
4259
4288
4509
4535
4694
4695
4696
4700
4701
4707
4708
4709
4710
4712
4713
4714
4715
4718
4719
4723
4724
4725
4729
4731
4799
4820
4905
4926
4976
5082
51014
51026
51069
51096
51097
51103
51106
51191
51203
51234
51272
51295
51318
51320
51340
51341
51362
51386
51388
51538
51594
51605
51642
51646
51663
51706
51729
51747
51808
51809
54344
5442
545
54539
54606
54623
54665
54708
54726
54867
54876
54883
54903
54918
54948
55005
55031
55052
55094
55100
55129
5514
55149
55177
55206
55218
55248
55260
55272
55288
55290
55298
55326
55339
55342
55454
55668
55728
55750
55788
55794
55795
55829
55830
55832
55850
55967
55973
5610
56257
56259
56902
57106
57129
57506
57552
57647
57665
57680
57696
57697
57720
58509
5898
5906
5930
59349
5982
6009
60313
60625
613
6150
64083
641
6418
643853
64745
64763
64793
64794
64848
64978
65005
65008
65056
65080
6513
65244
6773
6794
6810
6812
6814
6829
6838
6845
6949
7112
7368
7381
7468
7508
7542
7726
7862
78988
79670
79695
79724
79759
79872
79882
79956
79968
79993
80145
80146
80207
8030
80335
80856
8125
8178
81855
8241
83862
83877
83939
8394
8417
84273
84292
84294
84342
84514
84524
84545
8459
84656
84717
84720
84726
84747
8476
8481
84826
84886
84925
84950
84978
84991
8525
85365
85395
85403
85461
8604
8661
8663
8665
8667
8675
8677
8726
8775
8799
8816
8834
8890
8892
8893
8896
891
90231
9031
90407
90480
91289
91452
9147
9150
91582
91746
9181
9219
92579
92799
92840
9325
93587
9360
9406
94081
94097
9482
9517
9527
9570
9581
9643
9646
9716
9733
9774
9777
9780
9785
9790
9878
9896
9917
9921
9927
9958
9967
9972
9984
