100137049
100141515
10019
100293516
100329135
10093
10147
10163
1019
10203
10241
10267
102723655
102723713
102724101
102724127
10391
10396
10449
1047
10495
10626
10643
10718
10743
10787
10791
10809
10813
10906
10956
11037
11145
11212
112574
112616
112840
11285
11309
11311
1132
11341
114876
1159
116064
116071
116443
116843
117155
118427
120224
122402
122618
124093
124535
124989
126119
127
127066
128387
128989
130340
130399
1310
131177
132949
133
1382
139741
140735
1427
1431
144608
146857
1497
150590
151888
1537
1589
162239
163131
166336
168002
170685
171017
1742
1776
178
1842
1890
1945
196374
196996
197258
200014
200186
200312
200403
200909
200942
201134
201516
202243
2131
2132
2137
2206
222584
224
2254
2281
22824
22843
22920
23065
23086
23094
23143
23228
23287
23335
23431
23460
23471
2358
23607
23670
238
24150
253982
2563
256710
2571
257407
2584
25898
259236
259285
259287
26224
26229
26338
2641
2646
26548
26664
26682
26737
26953
27067
27071
27231
27309
27342
28316
284131
284348
285343
285440
285941
286046
286436
286464
286749
287
2895
28951
28992
29097
2932
29780
2987
29940
29967
3006
3043
3066
3069
3111
3340
335
339168
339403
340547
344752
3448
347734
353189
3593
3620
3631
3703
3717
3747
374864
375287
377
3841
3842
387267
388581
3895
3909
391475
3948
399512
4035
4051
4237
4302
4322
4351
440400
441518
4490
4520
4692
4697
4784
4790
4814
4817
4833
4842
4939
4947
4973
50853
51092
51224
51234
51471
51493
51526
51527
51573
5164
51773
5209
54457
54465
5450
54795
54848
54857
548596
54860
54915
54972
55033
55072
55205
55273
55423
55646
55668
55732
55734
55748
558
55825
55831
55858
55971
56
5600
56243
56647
56704
56851
56886
56940
57189
57369
5740
57480
57501
57514
57523
57615
57709
57758
5778
5803
58505
5878
5992
6002
60509
60559
6091
6175
619208
6218
6238
6242
63891
64005
64127
641649
6432
64422
64518
645961
64699
64760
6498
653550
6564
659
6652
6746
6747
675
6833
6882
6917
692094
6940
6990
7075
7161
729220
729264
729355
729830
730
7412
7448
7458
7473
7483
752014
7589
7638
7710
7791
7866
79134
79147
79339
7957
79628
79635
79679
7980
79815
79816
79831
79961
79982
79990
80124
80153
80312
80336
80774
8089
81
81037
81328
8148
81551
81610
83460
83541
8387
83877
83881
84060
84105
84142
8416
84217
84239
84260
84366
8438
8440
84665
8477
84952
84961
85007
8527
8633
8666
867
8681
8772
8795
8813
8816
9021
90332
90459
90550
91012
9135
9138
9296
93380
9367
9379
940
94032
94101
94103
9442
9446
9497
9501
9519
9525
9607
9657
9694
9787
9813
9815
9923
995
9956
100188893
100302736
10084
10153
10200
10206
10226
10228
10250
10269
10282
10284
10313
10367
10428
10444
10452
10480
10523
10573
10682
1070
10768
10884
10898
10923
10929
10944
11018
11020
11021
11044
1105
11056
11070
11101
11129
11164
11194
11311
113201
113246
114034
114823
114883
114885
115106
115209
115704
115708
116228
116540
116988
118881
122704
123169
124222
124401
124583
126328
128308
133957
1349
1350
1351
1371
140609
142891
147339
148423
148867
1509
153364
154807
161424
1659
1662
1967
197342
200576
201562
203286
2040
2052
2054
2135
219927
220082
221496
222068
222194
22827
22908
22950
22985
23013
23043
23053
23091
23098
23122
23131
23133
23141
2319
23234
23244
23264
23350
23358
23368
23376
23382
23398
23411
23423
23446
23530
23567
23598
23633
23673
23731
23787
23788
2475
2530
2531
25875
25957
26035
26090
26229
26355
26519
26520
27107
27125
27250
27292
27335
27336
27340
283373
283820
283951
285605
285636
28976
29072
29074
29088
29093
29803
29889
29894
2997
3202
324
3276
3306
339230
345778
347734
374654
3838
399687
401505
404552
4236
4245
4247
4259
4288
4509
4535
4694
4695
4696
4700
4701
4707
4708
4709
4710
4712
4713
4714
4715
4718
4719
4723
4724
4725
4729
4731
4799
4820
4905
4926
4976
5082
51014
51026
51069
51096
51097
51103
51106
51191
51203
51234
51272
51295
51318
51320
51340
51341
51362
51386
51388
51538
51594
51605
51642
51646
51663
51706
51729
51747
51808
51809
54344
5442
545
54539
54606
54623
54665
54708
54726
54867
54876
54883
54903
54918
54948
55005
55031
55052
55094
55100
55129
5514
55149
55177
55206
55218
55248
55260
55272
55288
55290
55298
55326
55339
55342
55454
55668
55728
55750
55788
55794
55795
55829
55830
55832
55850
55967
55973
5610
56257
56259
56902
57106
57129
57506
57552
57647
57665
57680
57696
57697
57720
58509
5898
5906
5930
59349
5982
6009
60313
60625
613
6150
64083
641
6418
643853
64745
64763
64793
64794
64848
64978
65005
65008
65056
65080
6513
65244
6773
6794
6810
6812
6814
6829
6838
6845
6949
7112
7368
7381
7468
7508
7542
7726
7862
78988
79670
79695
79724
79759
79872
79882
79956
79968
79993
80145
80146
80207
8030
80335
80856
8125
8178
81855
8241
83862
83877
83939
8394
8417
84273
84292
84294
84342
84514
84524
84545
8459
84656
84717
84720
84726
84747
8476
8481
84826
84886
84925
84950
84978
84991
8525
85365
85395
85403
85461
8604
8661
8663
8665
8667
8675
8677
8726
8775
8799
8816
8834
8890
8892
8893
8896
891
90231
9031
90407
90480
91289
91452
9147
9150
91582
91746
9181
9219
92579
92799
92840
9325
93587
9360
9406
94081
94097
9482
9517
9527
9570
9581
9643
9646
9716
9733
9774
9777
9780
9785
9790
9878
9896
9917
9921
9927
9958
9967
9972
9984